010908 张908 网908 10 83 66 75
010909 张909 网909 10 97 66 62
010350 张350 网350 10 93 93 64
010351 张351 网351 10 81 90 95
010352 张352 网352 10 71 90 83
010910 张910 网910 10 84 89 100
010353 张353 网353 10 96 88 78
010911 张911 网911 10 71 68 69
010354 张354 网354 10 64 99 64
010912 张912 网912 10 97 63 84
010355 张355 网355 10 78 69 80
010913 张913 网913 10 100 86 99
010356 张356 网356 10 96 80 91
010914 张914 网914 10 61 73 69
010357 张357 网357 10 99 63 70
010915 张915 网915 10 85 82 90
010358 张358 网358 10 71 77 74
010916 张916 网916 10 68 87 63
010359 张359 网359 10 60 61 89
010917 张917 网917 10 78 65 66
010918 张918 网918 10 64 71 91
010919 张919 网919 10 97 89 98
010200 张200 网200 10 97 77 82
010201 张201 网201 10 87 91 71
010202 张202 网202 10 72 60 78
010203 张203 网203 10 61 87 63
010204 张204 网204 10 71 93 100
010205 张205 网205 10 60 83 98
010206 张206 网206 10 73 67 60
010360 张360 网360 10 64 64 84
010207 张207 网207 10 61 93 79
010361 张361 网361 10 82 100 70
010208 张208 网208 10 94 93 92
010362 张362 网362 10 69 78 80
010920 张920 网920 10 69 98 74
010209 张209 网209 10 80 83 62
010363 张363 网363 10 76 81 81
010921 张921 网921 10 91 89 84
010364 张364 网364 10 72 71 78
010922 张922 网922 10 78 82 70
010365 张365 网365 10 100 71 97
010923 张923 网923 10 89 80 60
010366 张366 网366 10 77 96 82
010924 张924 网924 10 63 89 60
010367 张367 网367 10 60 65 64
010925 张925 网925 10 80 94 79
010368 张368 网368 10 74 90 61
010926 张926 网926 10 87 75 91
010369 张369 网369 10 62 100 85
010927 张927 网927 10 70 66 65
010928 张928 网928 10 91 78 75
010929 张929 网929 10 61 77 69
010210 张210 网210 10 67 68 73
010211 张211 网211 10 89 72 92
010212 张212 网212 10 65 81 75
010213 张213 网213 10 93 74 66
010214 张214 网214 10 62 64 77
010215 张215 网215 10 66 74 92
010216 张216 网216 10 87 62 80
010370 张370 网370 10 94 86 82
010217 张217 网217 10 77 89 84
010371 张371 网371 10 84 68 77
010218 张218 网218 10 89 65 81
010372 张372 网372 10 88 86 76
010930 张930 网930 10 93 92 78
010219 张219 网219 10 83 72 84
010373 张373 网373 10 63 95 84
010931 张931 网931 10 74 76 71
010374 张374 网374 10 68 63 67
010932 张932 网932 10 76 63 62
010375 张375 网375 10 79 72 84
010933 张933 网933 10 92 80 65
010376 张376 网376 10 83 93 66
010934 张934 网934 10 73 76 69
010377 张377 网377 10 73 72 81
010935 张935 网935 10 61 94 98
010378 张378 网378 10 98 76 86
010936 张936 网936 10 82 94 79
010379 张379 网379 10 66 61 69
010937 张937 网937 10 60 71 69
010938 张938 网938 10 68 67 99
010939 张939 网939 10 84 100 81
010220 张220 网220 10 99 70 93
010221 张221 网221 10 95 76 96
010222 张222 网222 10 92 64 86
010223 张223 网223 10 65 99 93
010224 张224 网224 10 69 89 64
010225 张225 网225 10 80 96 61
010226 张226 网226 10 65 86 72
010227 张227 网227 10 74 77 71
010380 张380 网380 10 90 79 72
010228 张228 网228 10 91 90 71
010381 张381 网381 10 78 96 66
010229 张229 网229 10 65 69 96
010382 张382 网382 10 76 78 81
010940 张940 网940 10 98 87 81
010383 张383 网383 10 63 63 79
010941 张941 网941 10 96 76 75
010384 张384 网384 10 80 78 71
010942 张942 网942 10 65 81 90
010385 张385 网385 10 76 84 73
010943 张943 网943 10 90 87 78
010386 张386 网386 10 85 71 61
010944 张944 网944 10 66 80 91
010387 张387 网387 10 66 71 66
010945 张945 网945 10 74 98 69
010388 张388 网388 10 88 74 89
010946 张946 网946 10 74 74 77
010389 张389 网389 10 82 89 100
010947 张947 网947 10 61 75 81
010948 张948 网948 10 96 67 60
010949 张949 网949 10 84 86 69
010230 张230 网230 10 99 82 65
010231 张231 网231 10 73 84 82
010232 张232 网232 10 100 66 92
010233 张233 网233 10 88 96 95
010234 张234 网234 10 67 76 92
010235 张235 网235 10 84 84 63
010236 张236 网236 10 98 64 79
010237 张237 网237 10 67 64 83
010390 张390 网390 10 71 62 85
010238 张238 网238 10 71 71 97
010391 张391 网391 10 67 89 96
010239 张239 网239 10 75 83 99
010392 张392 网392 10 96 94 77
010950 张950 网950 10 95 68 95
010393 张393 网393 10 81 96 63
010951 张951 网951 10 80 72 74
10111111 曹操 魏高祖 20 99 0 89
010394 张394 网394 10 82 74 63
010952 张952 网952 10 85 79 80
010395 张395 网395 10 96 79 61
010953 张953 网953 10 94 97 89
010396 张396 网396 10 96 68 91
010954 张954 网954 10 90 93 64
010397 张397 网397 10 63 64 97
010955 张955 网955 10 83 94 70
010398 张398 网398 10 78 92 96
010956 张956 网956 10 97 88 100
010399 张399 网399 10 81 70 84
010957 张957 网957 10 67 79 93
010958 张958 网958 10 63 62 86
010959 张959 网959 10 73 94 67
010240 张240 网240 10 62 95 96
010241 张241 网241 10 84 77 94
010242 张242 网242 10 60 65 100
010800 张800 网800 10 66 95 72
010243 张243 网243 10 80 66 88
010801 张801 网801 10 76 99 62
010244 张244 网244 10 94 76 91
010802 张802 网802 10 98 77 96
010245 张245 网245 10 98 69 61
010803 张803 网803 10 67 81 91
010246 张246 网246 10 78 79 94
010804 张804 网804 10 69 87 69
010247 张247 网247 10 69 85 83
010805 张805 网805 10 87 60 81
010248 张248 网248 10 77 68 72
010806 张806 网806 10 98 74 70
010249 张249 网249 10 99 75 70
010807 张807 网807 10 81 88 76
010960 张960 网960 10 86 70 100
010808 张808 网808 10 84 72 84
010961 张961 网961 10 96 93 62
010809 张809 网809 10 83 97 87
010962 张962 网962 10 65 96 75
010963 张963 网963 10 65 78 68
010964 张964 网964 10 99 68 79
010965 张965 网965 10 96 99 91
010966 张966 网966 10 61 87 99
010967 张967 网967 10 63 65 72
010968 张968 网968 10 80 99 63
010969 张969 网969 10 98 96 78
010250 张250 网250 10 80 75 92
010251 张251 网251 10 83 77 85
010252 张252 网252 10 75 85 89
010810 张810 网810 10 63 60 93
010253 张253 网253 10 94 87 79
010811 张811 网811 10 99 68 90
010254 张254 网254 10 72 88 72
010812 张812 网812 10 62 68 99
010255 张255 网255 10 94 82 93
010813 张813 网813 10 95 62 84
010256 张256 网256 10 91 84 63
010814 张814 网814 10 63 90 70
010257 张257 网257 10 68 73 67
010815 张815 网815 10 92 99 86
010258 张258 网258 10 95 69 85
010816 张816 网816 10 87 62 66
010259 张259 网259 10 76 63 93
010817 张817 网817 10 87 65 92
010970 张970 网970 10 71 64 95
010818 张818 网818 10 78 82 90
010971 张971 网971 10 78 68 83
010819 张819 网819 10 88 63 62
010972 张972 网972 10 72 81 70
010973 张973 网973 10 100 99 86
010974 张974 网974 10 71 73 93
010975 张975 网975 10 70 70 89
010976 张976 网976 10 100 88 87
010977 张977 网977 10 75 90 99
010978 张978 网978 10 83 98 78
010979 张979 网979 10 92 66 84
010100 张100 网100 10 73 79 66
010101 张101 网101 10 98 86 86
010102 张102 网102 10 95 99 98
010103 张103 网103 10 88 66 62
010104 张104 网104 10 99 76 86
010105 张105 网105 10 70 74 98
010106 张106 网106 10 92 77 69
010260 张260 网260 10 60 85 88
010107 张107 网107 10 98 98 80
010261 张261 网261 10 75 80 72
010108 张108 网108 10 63 92 89
010262 张262 网262 10 84 84 62
010820 张820 网820 10 63 93 75
010109 张109 网109 10 75 87 91
010263 张263 网263 10 67 100 62
010821 张821 网821 10 96 73 91
010264 张264 网264 10 86 67 65
010822 张822 网822 10 87 97 76
010265 张265 网265 10 60 77 73
010823 张823 网823 10 86 91 88
010266 张266 网266 10 67 88 100
010824 张824 网824 10 87 78 96
010267 张267 网267 10 74 77 81
010825 张825 网825 10 86 91 88
010268 张268 网268 10 85 87 61
010826 张826 网826 10 74 76 97
010269 张269 网269 10 61 77 91
010827 张827 网827 10 95 83 91
010980 张980 网980 10 63 98 86
010828 张828 网828 10 91 83 66
010981 张981 网981 10 72 93 64
010829 张829 网829 10 91 94 75
010982 张982 网982 10 71 79 85
010983 张983 网983 10 77 83 90
010984 张984 网984 10 61 74 71
010985 张985 网985 10 65 78 95
010986 张986 网986 10 92 94 75
010987 张987 网987 10 64 84 69
010988 张988 网988 10 70 98 62
010989 张989 网989 10 72 63 88
010110 张110 网110 10 82 70 77
010111 张111 网111 10 90 74 65
010112 张112 网112 10 89 69 89
010113 张113 网113 10 88 71 97
010114 张114 网114 10 93 91 63
010115 张115 网115 10 60 100 83
010116 张116 网116 10 95 99 80
010270 张270 网270 10 74 90 80
010117 张117 网117 10 84 91 95
010271 张271 网271 10 76 76 89
010118 张118 网118 10 60 100 82
010272 张272 网272 10 86 79 73
010830 张830 网830 10 67 76 69
010119 张119 网119 10 79 85 83
010273 张273 网273 10 74 67 90
010831 张831 网831 10 100 93 89
010274 张274 网274 10 93 67 68
010832 张832 网832 10 66 95 80
010275 张275 网275 10 75 95 83
010833 张833 网833 10 64 67 76
010276 张276 网276 10 70 75 72
010834 张834 网834 10 77 67 66
010277 张277 网277 10 65 62 93
010835 张835 网835 10 98 62 66
010278 张278 网278 10 71 87 97
010836 张836 网836 10 87 87 94
010279 张279 网279 10 75 88 91
010837 张837 网837 10 92 87 71
010990 张990 网990 10 97 77 61
010838 张838 网838 10 87 73 81
010991 张991 网991 10 97 98 98
010839 张839 网839 10 77 67 76
010992 张992 网992 10 75 76 85
010993 张993 网993 10 96 79 62
010994 张994 网994 10 94 66 84
010995 张995 网995 10 72 64 94
010996 张996 网996 10 93 68 70
010997 张997 网997 10 70 63 63
010998 张998 网998 10 88 92 85
010999 张999 网999 10 88 96 83
010120 张120 网120 10 90 74 95
010121 张121 网121 10 99 79 74
010122 张122 网122 10 90 99 89
010123 张123 网123 10 73 78 85
010124 张124 网124 10 68 63 78
010125 张125 网125 10 99 85 67
010126 张126 网126 10 94 96 96
010280 张280 网280 10 98 83 62
010127 张127 网127 10 64 83 64
010281 张281 网281 10 89 100 69
010128 张128 网128 10 61 78 65
010282 张282 网282 10 61 99 80
010840 张840 网840 10 66 62 88
010129 张129 网129 10 93 96 60
010283 张283 网283 10 72 66 78
010841 张841 网841 10 73 89 61
010284 张284 网284 10 73 66 61
010842 张842 网842 10 63 93 66
010285 张285 网285 10 67 63 62
010843 张843 网843 10 66 100 98
010286 张286 网286 10 68 70 65
010844 张844 网844 10 87 92 79
010287 张287 网287 10 88 94 65
010845 张845 网845 10 80 87 89
010288 张288 网288 10 73 67 97
010846 张846 网846 10 82 71 62
010289 张289 网289 10 86 86 97
010847 张847 网847 10 79 92 74
010848 张848 网848 10 69 82 84
010849 张849 网849 10 75 72 85
010130 张130 网130 10 60 84 68
010131 张131 网131 10 91 97 83
010132 张132 网132 10 63 93 89
010133 张133 网133 10 91 79 72
010134 张134 网134 10 71 77 64
010135 张135 网135 10 74 68 86
010136 张136 网136 10 66 89 98
010290 张290 网290 10 72 61 63
010137 张137 网137 10 77 85 77
010291 张291 网291 10 76 81 87
010138 张138 网138 10 73 88 98
010292 张292 网292 10 71 98 99
010850 张850 网850 10 73 90 91
010139 张139 网139 10 61 91 63
010293 张293 网293 10 84 61 73
010851 张851 网851 10 67 95 96
010294 张294 网294 10 66 69 66
010852 张852 网852 10 91 71 70
010295 张295 网295 10 83 68 90
010853 张853 网853 10 81 88 76
010296 张296 网296 10 70 82 100
010854 张854 网854 10 100 67 79
010297 张297 网297 10 98 81 79
010855 张855 网855 10 90 82 86
010298 张298 网298 10 94 62 63
010856 张856 网856 10 67 64 82
010299 张299 网299 10 81 95 60
010857 张857 网857 10 69 74 60
010858 张858 网858 10 100 99 82
010859 张859 网859 10 83 68 74
010140 张140 网140 10 77 90 86
010141 张141 网141 10 61 87 82
010700 张700 网700 10 92 79 88
010142 张142 网142 10 63 73 90
010701 张701 网701 10 97 70 66
010143 张143 网143 10 83 76 89
010702 张702 网702 10 86 75 81
010144 张144 网144 10 99 94 91
010703 张703 网703 10 70 81 76
010145 张145 网145 10 94 98 63
010704 张704 网704 10 73 86 99
010146 张146 网146 10 100 67 100
010705 张705 网705 10 67 90 70
010147 张147 网147 10 87 89 93
010706 张706 网706 10 61 63 100
010148 张148 网148 10 95 73 71
010707 张707 网707 10 81 84 88
010860 张860 网860 10 77 94 96
010149 张149 网149 10 85 64 86
010708 张708 网708 10 96 91 72
010861 张861 网861 10 98 96 85
010709 张709 网709 10 84 83 61
010862 张862 网862 10 76 64 70
010863 张863 网863 10 72 74 75
010864 张864 网864 10 75 96 77
010865 张865 网865 10 85 91 100
010866 张866 网866 10 89 63 76
010867 张867 网867 10 98 61 81
010868 张868 网868 10 94 66 65
010869 张869 网869 10 63 95 73
010150 张150 网150 10 99 100 83
010151 张151 网151 10 80 93 67
010152 张152 网152 10 100 70 87
010710 张710 网710 10 68 91 85
010153 张153 网153 10 97 74 81
010711 张711 网711 10 95 76 79
010154 张154 网154 10 78 81 81
010712 张712 网712 10 100 92 62
010155 张155 网155 10 89 68 64
010713 张713 网713 10 82 91 92
010156 张156 网156 10 94 85 90
010714 张714 网714 10 84 98 65
010157 张157 网157 10 97 60 99
010715 张715 网715 10 81 93 79
010158 张158 网158 10 100 69 70
010716 张716 网716 10 77 67 97
010159 张159 网159 10 77 73 61
010717 张717 网717 10 86 84 73
010870 张870 网870 10 98 61 81
010718 张718 网718 10 66 75 80
010871 张871 网871 10 88 79 95
010719 张719 网719 10 80 100 87
010872 张872 网872 10 100 80 96
010873 张873 网873 10 75 65 91
010874 张874 网874 10 69 80 100
010875 张875 网875 10 81 89 73
010876 张876 网876 10 97 92 98
010877 张877 网877 10 85 61 97
010878 张878 网878 10 64 84 94
010879 张879 网879 10 89 75 99
010160 张160 网160 10 100 90 72
010161 张161 网161 10 65 84 92
010162 张162 网162 10 60 97 96
010720 张720 网720 10 90 66 63
010163 张163 网163 10 99 77 64
010721 张721 网721 10 78 68 100
010164 张164 网164 10 60 86 68
010722 张722 网722 10 90 75 67
010165 张165 网165 10 65 96 99
010723 张723 网723 10 93 97 74
010166 张166 网166 10 64 88 98
010724 张724 网724 10 65 82 89
010167 张167 网167 10 66 62 86
010725 张725 网725 10 81 65 88
010168 张168 网168 10 95 76 82
010726 张726 网726 10 88 64 80
010169 张169 网169 10 62 82 94
010727 张727 网727 10 88 60 76
010880 张880 网880 10 93 96 69
010728 张728 网728 10 61 69 91
010881 张881 网881 10 75 95 71
010729 张729 网729 10 94 74 79
010882 张882 网882 10 95 73 92
010883 张883 网883 10 62 70 66
010884 张884 网884 10 87 85 71
010885 张885 网885 10 89 93 78
010886 张886 网886 10 63 95 93
010887 张887 网887 10 60 76 96
010888 张888 网888 10 83 100 82
010889 张889 网889 10 72 66 99
010170 张170 网170 10 82 97 75
010171 张171 网171 10 82 95 81
010172 张172 网172 10 96 67 64
010730 张730 网730 10 93 79 69
010173 张173 网173 10 73 65 85
010731 张731 网731 10 88 96 100
010174 张174 网174 10 91 74 74
010732 张732 网732 10 64 81 69
010175 张175 网175 10 91 72 100
010733 张733 网733 10 76 65 90
010176 张176 网176 10 81 79 99
010734 张734 网734 10 95 90 78
010177 张177 网177 10 93 64 87
010735 张735 网735 10 76 84 64
010178 张178 网178 10 87 92 85
010736 张736 网736 10 67 95 91
010179 张179 网179 10 60 91 100
010737 张737 网737 10 86 69 75
010890 张890 网890 10 79 92 62
010738 张738 网738 10 79 73 62
010891 张891 网891 10 92 71 98
010739 张739 网739 10 91 98 81
010892 张892 网892 10 71 96 95
010893 张893 网893 10 60 89 60
010894 张894 网894 10 91 74 73
010895 张895 网895 10 77 86 65
010896 张896 网896 10 84 68 63
010897 张897 网897 10 72 69 87
010898 张898 网898 10 64 60 87
010899 张899 网899 10 60 90 93
010180 张180 网180 10 94 73 67
010181 张181 网181 10 98 64 95
010182 张182 网182 10 63 80 94
010740 张740 网740 10 76 92 89
010183 张183 网183 10 99 98 61
010741 张741 网741 10 94 67 73
010184 张184 网184 10 79 86 78
010742 张742 网742 10 74 62 99
010185 张185 网185 10 66 60 85
010743 张743 网743 10 65 60 60
010186 张186 网186 10 75 60 74
010744 张744 网744 10 93 71 75
010187 张187 网187 10 61 85 70
010745 张745 网745 10 67 90 80
010188 张188 网188 10 86 82 66
010746 张746 网746 10 68 90 84
010189 张189 网189 10 87 89 78
010747 张747 网747 10 72 82 77
010748 张748 网748 10 78 68 94
010749 张749 网749 10 80 66 89
010190 张190 网190 10 92 99 72
010191 张191 网191 10 83 77 85
010192 张192 网192 10 62 61 93
010750 张750 网750 10 69 89 65
010193 张193 网193 10 92 84 94
010751 张751 网751 10 95 86 88
010194 张194 网194 10 72 95 76
010752 张752 网752 10 67 77 68
010195 张195 网195 10 87 92 90
010753 张753 网753 10 72 94 76
010196 张196 网196 10 67 78 60
010754 张754 网754 10 67 61 71
010197 张197 网197 10 98 83 63
010755 张755 网755 10 97 94 76
010198 张198 网198 10 63 99 84
010756 张756 网756 10 93 97 75
010199 张199 网199 10 93 98 89
010757 张757 网757 10 76 90 62
010758 张758 网758 10 100 81 93
010759 张759 网759 10 98 67 78
010600 张600 网600 10 86 91 95
010601 张601 网601 10 89 83 91
010602 张602 网602 10 80 97 68
010603 张603 网603 10 97 66 79
010604 张604 网604 10 98 94 76
010605 张605 网605 10 92 86 66
010606 张606 网606 10 70 79 60
010607 张607 网607 10 92 66 87
010760 张760 网760 10 93 91 81
010608 张608 网608 10 98 74 78
010761 张761 网761 10 100 78 97
010609 张609 网609 10 72 93 95
010762 张762 网762 10 95 75 73
010763 张763 网763 10 93 81 77
010764 张764 网764 10 64 90 60
010765 张765 网765 10 81 85 79
010766 张766 网766 10 95 86 84
010767 张767 网767 10 97 77 92
010768 张768 网768 10 64 65 98
010769 张769 网769 10 95 66 99
010610 张610 网610 10 61 74 75
010611 张611 网611 10 68 87 82
010612 张612 网612 10 80 66 100
010613 张613 网613 10 95 78 65
010614 张614 网614 10 70 92 95
010615 张615 网615 10 77 85 79
010616 张616 网616 10 77 89 83
010617 张617 网617 10 70 85 89
010770 张770 网770 10 99 77 80
010618 张618 网618 10 85 67 83
010771 张771 网771 10 84 89 85
010619 张619 网619 10 88 87 93
010772 张772 网772 10 83 100 76
010773 张773 网773 10 80 73 60
010774 张774 网774 10 93 60 78
010775 张775 网775 10 81 98 88
010776 张776 网776 10 86 60 76
010777 张777 网777 10 75 86 97
010778 张778 网778 10 99 79 60
010779 张779 网779 10 100 80 78
010620 张620 网620 10 65 100 60
010621 张621 网621 10 83 89 81
010622 张622 网622 10 84 94 70
010623 张623 网623 10 81 91 85
010624 张624 网624 10 97 70 91
010625 张625 网625 10 86 87 78
010626 张626 网626 10 77 81 63
010627 张627 网627 10 94 73 64
010780 张780 网780 10 77 95 75
010628 张628 网628 10 71 61 88
010781 张781 网781 10 80 83 71
010629 张629 网629 10 99 80 92
010782 张782 网782 10 70 97 74
010783 张783 网783 10 68 65 100
010784 张784 网784 10 70 99 99
010785 张785 网785 10 94 81 62
010786 张786 网786 10 92 96 76
010787 张787 网787 10 64 94 75
010788 张788 网788 10 94 75 86
010789 张789 网789 10 90 78 88
010630 张630 网630 10 71 90 99
010631 张631 网631 10 63 79 78
010632 张632 网632 10 98 81 99
010633 张633 网633 10 78 77 80
010634 张634 网634 10 68 77 92
010635 张635 网635 10 93 96 84
010636 张636 网636 10 92 67 73
010637 张637 网637 10 94 65 85
010790 张790 网790 10 79 92 83
010638 张638 网638 10 95 92 86
010791 张791 网791 10 69 73 100
010639 张639 网639 10 75 100 80
010792 张792 网792 10 90 97 84
010793 张793 网793 10 79 100 81
010794 张794 网794 10 84 69 81
010795 张795 网795 10 74 64 72
010796 张796 网796 10 67 88 92
010797 张797 网797 10 88 95 75
010798 张798 网798 10 70 63 97
010799 张799 网799 10 85 69 93
010640 张640 网640 10 94 71 97
010641 张641 网641 10 63 85 79
010642 张642 网642 10 82 98 100
010643 张643 网643 10 93 100 76
010644 张644 网644 10 83 62 63
010645 张645 网645 10 86 72 86
010646 张646 网646 10 83 80 92
010010 张10 网10 10 61 97 73
010647 张647 网647 10 79 72 65
010011 张11 网11 10 68 90 62
010648 张648 网648 10 91 76 69
010012 张12 网12 10 79 80 90
010649 张649 网649 10 62 83 85
010013 张13 网13 10 86 63 64
010014 张14 网14 10 98 91 68
010015 张15 网15 10 94 71 74
010016 张16 网16 10 71 100 91
010017 张17 网17 10 94 71 96
010018 张18 网18 10 98 97 93
010019 张19 网19 10 93 74 73
010650 张650 网650 10 77 67 96
010651 张651 网651 10 82 87 74
010652 张652 网652 10 90 86 61
010653 张653 网653 10 89 83 64
010654 张654 网654 10 67 94 92
010655 张655 网655 10 78 80 70
010656 张656 网656 10 61 93 86
010020 张20 网20 10 75 83 85
010657 张657 网657 10 88 78 60
010021 张21 网21 10 79 60 94
010658 张658 网658 10 71 96 79
010022 张22 网22 10 60 74 63
010659 张659 网659 10 79 71 76
010023 张23 网23 10 82 78 76
010024 张24 网24 10 79 97 83
010025 张25 网25 10 64 77 88
010026 张26 网26 10 66 78 68
010027 张27 网27 10 93 72 99
010028 张28 网28 10 72 82 84
010029 张29 网29 10 61 80 88
010500 张500 网500 10 86 67 99
010501 张501 网501 10 82 79 68
010502 张502 网502 10 70 71 60
010503 张503 网503 10 62 82 71
010504 张504 网504 10 77 89 81
010505 张505 网505 10 87 98 98
010506 张506 网506 10 60 81 94
010507 张507 网507 10 87 69 73
010660 张660 网660 10 79 74 97
010508 张508 网508 10 65 93 65
010661 张661 网661 10 87 96 60
010509 张509 网509 10 88 88 85
010662 张662 网662 10 67 64 87
010663 张663 网663 10 96 85 91
010664 张664 网664 10 76 86 91
010665 张665 网665 10 63 93 82
010666 张666 网666 10 84 83 80
010030 张30 网30 10 99 69 74
010667 张667 网667 10 95 83 70
010031 张31 网31 10 83 97 92
010668 张668 网668 10 81 99 98
010032 张32 网32 10 90 75 75
010669 张669 网669 10 82 65 65
010033 张33 网33 10 68 66 61
010034 张34 网34 10 65 86 71
010035 张35 网35 10 80 63 64
010036 张36 网36 10 74 82 96
010037 张37 网37 10 83 68 82
010038 张38 网38 10 94 77 61
010039 张39 网39 10 97 100 73
010510 张510 网510 10 80 79 80
010511 张511 网511 10 85 95 82
010512 张512 网512 10 87 78 70
010513 张513 网513 10 63 91 61
010514 张514 网514 10 69 86 96
010515 张515 网515 10 94 92 94
010516 张516 网516 10 83 100 74
010517 张517 网517 10 99 72 61
010670 张670 网670 10 77 89 73
010518 张518 网518 10 61 79 84
010671 张671 网671 10 92 99 87
010519 张519 网519 10 96 60 83
010672 张672 网672 10 87 81 97
010673 张673 网673 10 63 91 70
010674 张674 网674 10 67 83 83
010675 张675 网675 10 93 82 89
010676 张676 网676 10 79 89 84
010040 张40 网40 10 92 86 63
010677 张677 网677 10 89 70 62
010041 张41 网41 10 82 69 73
010678 张678 网678 10 61 93 72
010042 张42 网42 10 90 91 95
010679 张679 网679 10 91 83 82
010043 张43 网43 10 89 69 69
010044 张44 网44 10 90 61 88
010045 张45 网45 10 63 91 73
010046 张46 网46 10 79 64 63
010047 张47 网47 10 60 69 63
010048 张48 网48 10 70 69 82
010049 张49 网49 10 74 79 83
010520 张520 网520 10 95 95 63
010521 张521 网521 10 62 85 78
010522 张522 网522 10 98 99 95
010523 张523 网523 10 61 83 80
010524 张524 网524 10 100 65 68
010525 张525 网525 10 77 66 91
010526 张526 网526 10 64 68 64
010527 张527 网527 10 88 62 61
010680 张680 网680 10 86 69 86
010528 张528 网528 10 78 96 98
010681 张681 网681 10 86 72 78
010529 张529 网529 10 65 76 94
010682 张682 网682 10 93 65 86
010683 张683 网683 10 97 73 97
010684 张684 网684 10 70 75 100
010685 张685 网685 10 82 63 68
010686 张686 网686 10 73 85 87
010050 张50 网50 10 67 91 87
010687 张687 网687 10 93 68 99
010051 张51 网51 10 62 99 96
010688 张688 网688 10 75 87 92
010052 张52 网52 10 76 80 84
010689 张689 网689 10 68 89 66
010053 张53 网53 10 91 92 92
010054 张54 网54 10 81 91 67
010055 张55 网55 10 96 71 82
010056 张56 网56 10 89 95 79
010057 张57 网57 10 82 83 95
010058 张58 网58 10 99 84 83
010059 张59 网59 10 97 75 77
010530 张530 网530 10 82 79 77
010531 张531 网531 10 80 82 64
010532 张532 网532 10 86 77 84
010533 张533 网533 10 83 94 98
010534 张534 网534 10 72 84 61
010535 张535 网535 10 88 88 68
010536 张536 网536 10 66 84 81
010537 张537 网537 10 82 92 95
010690 张690 网690 10 68 88 76
010538 张538 网538 10 79 65 91
010691 张691 网691 10 100 65 96
010539 张539 网539 10 72 97 70
010692 张692 网692 10 73 65 73
010693 张693 网693 10 68 61 74
010694 张694 网694 10 90 62 82
010695 张695 网695 10 62 79 100
010696 张696 网696 10 87 84 61
010060 张60 网60 10 84 62 73
010697 张697 网697 10 96 77 91
010061 张61 网61 10 75 67 83
010698 张698 网698 10 77 76 89
010062 张62 网62 10 86 71 73
010699 张699 网699 10 81 77 93
010063 张63 网63 10 60 100 86
010064 张64 网64 10 84 77 68
010065 张65 网65 10 66 71 86
010066 张66 网66 10 86 61 75
010067 张67 网67 10 90 80 80
010068 张68 网68 10 81 94 90
010069 张69 网69 10 100 96 67
010540 张540 网540 10 70 99 90
010541 张541 网541 10 77 86 99
010542 张542 网542 10 84 78 75
010543 张543 网543 10 76 86 100
010544 张544 网544 10 66 80 60
010545 张545 网545 10 89 61 71
010546 张546 网546 10 95 76 64
010547 张547 网547 10 95 75 73
010548 张548 网548 10 68 60 86
010549 张549 网549 10 72 84 84
010070 张70 网70 10 94 80 65
010071 张71 网71 10 87 72 87
010072 张72 网72 10 61 79 98
010073 张73 网73 10 96 75 75
010074 张74 网74 10 79 89 75
010075 张75 网75 10 97 92 79
010076 张76 网76 10 79 100 77
010077 张77 网77 10 73 79 94
010078 张78 网78 10 73 99 76
010079 张79 网79 10 63 63 75
010001 张1 网1 10 83 90 87
010002 张2 网2 10 100 65 92
010003 张3 网3 10 90 69 85
010004 张4 网4 10 70 75 64
010006 张6 网6 10 76 96 99
010007 张7 网7 10 90 89 64
010008 张8 网8 10 66 81 89
010009 张9 网9 10 73 60 94
010550 张550 网550 10 76 85 82
010551 张551 网551 10 75 82 64
010552 张552 网552 10 77 92 98
010553 张553 网553 10 100 68 61
010554 张554 网554 10 95 72 64
010555 张555 网555 10 61 97 66
010556 张556 网556 10 72 84 81
010557 张557 网557 10 83 97 85
010558 张558 网558 10 91 71 94
010559 张559 网559 10 62 80 89
010080 张80 网80 10 64 77 88
010081 张81 网81 10 62 60 80
010082 张82 网82 10 93 67 99
010083 张83 网83 10 69 63 72
010084 张84 网84 10 97 77 62
010085 张85 网85 10 91 95 68
010086 张86 网86 10 84 95 84
010087 张87 网87 10 72 81 78
010088 张88 网88 10 77 86 75
010089 张89 网89 10 83 95 87
010400 张400 网400 10 74 85 98
010401 张401 网401 10 69 84 68
010402 张402 网402 10 71 100 63
010403 张403 网403 10 62 64 78
010404 张404 网404 10 68 60 90
010405 张405 网405 10 69 97 81
010406 张406 网406 10 97 73 86
010407 张407 网407 10 72 77 60
010560 张560 网560 10 85 68 99
010408 张408 网408 10 84 77 72
010561 张561 网561 10 81 87 90
010409 张409 网409 10 74 89 91
010562 张562 网562 10 98 87 65
010563 张563 网563 10 73 94 65
010564 张564 网564 10 66 75 83
010565 张565 网565 10 95 66 95
010566 张566 网566 10 74 82 97
010567 张567 网567 10 75 74 86
010568 张568 网568 10 99 92 74
010569 张569 网569 10 71 88 68
010090 张90 网90 10 60 86 65
010091 张91 网91 10 92 90 79
010092 张92 网92 10 97 69 63
010093 张93 网93 10 68 64 64
010094 张94 网94 10 75 86 71
010095 张95 网95 10 92 69 80
010096 张96 网96 10 97 91 77
010097 张97 网97 10 96 93 79
010098 张98 网98 10 65 87 89
010099 张99 网99 10 75 76 62
010410 张410 网410 10 68 76 88
010411 张411 网411 10 80 97 84
010412 张412 网412 10 76 74 62
010413 张413 网413 10 70 99 82
010414 张414 网414 10 79 83 95
010415 张415 网415 10 95 92 92
010416 张416 网416 10 83 95 97
010417 张417 网417 10 65 81 98
010570 张570 网570 10 66 66 98
010418 张418 网418 10 96 94 88
010571 张571 网571 10 84 98 79
010419 张419 网419 10 83 79 62
010572 张572 网572 10 68 79 86
010573 张573 网573 10 90 88 61
010574 张574 网574 10 75 98 63
010575 张575 网575 10 85 87 74
010576 张576 网576 10 91 86 96
010577 张577 网577 10 89 65 71
010578 张578 网578 10 63 81 64
010579 张579 网579 10 82 66 91
010420 张420 网420 10 81 100 63
010421 张421 网421 10 66 79 77
010422 张422 网422 10 63 86 67
010423 张423 网423 10 61 73 78
010424 张424 网424 10 67 88 91
010425 张425 网425 10 80 60 68
010426 张426 网426 10 88 85 96
010427 张427 网427 10 86 100 93
010580 张580 网580 10 68 91 97
010428 张428 网428 10 74 89 85
010581 张581 网581 10 73 73 96
010429 张429 网429 10 84 64 64
010582 张582 网582 10 78 80 71
010583 张583 网583 10 68 98 69
010584 张584 网584 10 100 84 64
010585 张585 网585 10 82 67 92
010586 张586 网586 10 73 71 77
010587 张587 网587 10 84 77 80
010588 张588 网588 10 60 84 76
010589 张589 网589 10 65 79 66
010430 张430 网430 10 63 71 73
010431 张431 网431 10 73 97 78
010432 张432 网432 10 84 97 90
010433 张433 网433 10 81 76 76
010434 张434 网434 10 90 87 91
010435 张435 网435 10 68 80 74
010436 张436 网436 10 76 60 66
010437 张437 网437 10 76 62 73
010590 张590 网590 10 92 83 96
010438 张438 网438 10 91 89 72
010591 张591 网591 10 82 96 90
010439 张439 网439 10 78 70 65
010592 张592 网592 10 97 66 95
010593 张593 网593 10 97 77 90
010594 张594 网594 10 88 80 80
010595 张595 网595 10 63 88 99
010596 张596 网596 10 91 100 89
010597 张597 网597 10 94 70 83
010598 张598 网598 10 95 68 80
010599 张599 网599 10 96 84 73
010440 张440 网440 10 100 61 83
010441 张441 网441 10 91 66 61
010442 张442 网442 10 73 77 97
010443 张443 网443 10 97 99 96
010444 张444 网444 10 66 100 89
010445 张445 网445 10 76 91 60
010446 张446 网446 10 94 70 91
010447 张447 网447 10 96 91 89
010448 张448 网448 10 86 79 74
010449 张449 网449 10 92 64 71
010450 张450 网450 10 85 86 61
010451 张451 网451 10 60 76 64
010452 张452 网452 10 100 98 84
010453 张453 网453 10 70 63 64
010454 张454 网454 10 67 88 95
010455 张455 网455 10 73 86 61
010456 张456 网456 10 66 98 73
010457 张457 网457 10 94 91 69
010458 张458 网458 10 89 73 75
010459 张459 网459 10 69 87 82
010300 张300 网300 10 86 74 100
010301 张301 网301 10 92 86 71
010302 张302 网302 10 76 72 79
010303 张303 网303 10 71 99 88
010304 张304 网304 10 97 66 95
010305 张305 网305 10 100 96 100
010306 张306 网306 10 72 83 79
010307 张307 网307 10 93 91 69
010460 张460 网460 10 65 94 94
010308 张308 网308 10 78 94 60
010461 张461 网461 10 82 74 87
010309 张309 网309 10 83 67 92
010462 张462 网462 10 65 94 94
010463 张463 网463 10 97 100 84
010464 张464 网464 10 65 94 82
010465 张465 网465 10 96 74 98
010466 张466 网466 10 80 71 80
010467 张467 网467 10 88 76 70
010468 张468 网468 10 70 94 83
010469 张469 网469 10 91 98 62
010310 张310 网310 10 73 98 95
010311 张311 网311 10 88 80 60
010312 张312 网312 10 63 91 91
010313 张313 网313 10 62 76 80
010314 张314 网314 10 65 82 94
010315 张315 网315 10 81 70 94
010316 张316 网316 10 86 96 67
010317 张317 网317 10 83 78 90
010470 张470 网470 10 76 69 62
010318 张318 网318 10 66 84 96
010471 张471 网471 10 67 75 66
010319 张319 网319 10 82 70 85
010472 张472 网472 10 91 83 61
010473 张473 网473 10 94 95 96
010474 张474 网474 10 82 84 78
010475 张475 网475 10 88 72 98
010476 张476 网476 10 78 68 94
010477 张477 网477 10 72 98 94
010478 张478 网478 10 60 95 88
010479 张479 网479 10 66 72 93
010005 张五 网五 10 79 93 83
010320 张320 网320 10 74 67 77
010321 张321 网321 10 82 95 97
010322 张322 网322 10 73 75 92
010323 张323 网323 10 83 62 78
010324 张324 网324 10 62 79 76
010325 张325 网325 10 99 77 63
010326 张326 网326 10 77 95 67
010327 张327 网327 10 87 84 61
010480 张480 网480 10 70 99 61
010328 张328 网328 10 62 100 83
010481 张481 网481 10 98 100 95
010329 张329 网329 10 66 63 76
010482 张482 网482 10 88 89 65
010483 张483 网483 10 88 90 66
010484 张484 网484 10 73 89 67
010485 张485 网485 10 86 92 74
010486 张486 网486 10 89 92 87
010487 张487 网487 10 78 77 87
010488 张488 网488 10 60 70 98
010489 张489 网489 10 73 64 76
010330 张330 网330 10 63 87 67
010331 张331 网331 10 77 62 83
010332 张332 网332 10 69 75 83
010333 张333 网333 10 76 67 61
010334 张334 网334 10 63 86 99
010335 张335 网335 10 92 68 90
010336 张336 网336 10 83 91 97
010337 张337 网337 10 88 60 91
010490 张490 网490 10 68 72 99
010338 张338 网338 10 61 96 67
010491 张491 网491 10 72 66 63
010339 张339 网339 10 84 68 74
010492 张492 网492 10 82 89 64
010493 张493 网493 10 77 60 91
010494 张494 网494 10 64 97 60
010495 张495 网495 10 96 91 69
010496 张496 网496 10 66 93 93
010497 张497 网497 10 97 93 69
010498 张498 网498 10 87 66 91
010499 张499 网499 10 94 86 92
010340 张340 网340 10 67 73 99
010341 张341 网341 10 73 63 70
010342 张342 网342 10 91 63 99
010900 张900 网900 10 91 63 95
010343 张343 网343 10 100 71 80
010901 张901 网901 10 82 99 61
010344 张344 网344 10 67 94 77
010902 张902 网902 10 79 78 98
010345 张345 网345 10 87 83 63
010903 张903 网903 10 99 93 71
010346 张346 网346 10 79 89 74
010904 张904 网904 10 96 89 97
010347 张347 网347 10 85 67 98
010905 张905 网905 10 81 92 81
010348 张348 网348 10 62 79 64
010906 张906 网906 10 62 63 85
010349 张349 网349 10 84 71 71
010907 张907 网907 10 96 89 80
